Sucesion de Collatz
2  1     2   1 
3  10  5  16  8  4  2  1     3   7 
4  2  1     4   2 
5  16  8  4  2  1     5   5 
6  3  10  5  16  8  4  2  1     6   8 
7  22  11  34  17  52  26  13  40  20  10  5  16  8  4  2  1     7   16 
8  4  2  1     8   3 
9  28  14  7  22  11  34  17  52  26  13  40  20  10  5  16  8  4  2  1     9   19 
10  5  16  8  4  2  1     10   6 
11  34  17  52  26  13  40  20  10  5  16  8  4  2  1     11   14 
12  6  3  10  5  16  8  4  2  1     12   9 
13  40  20  10  5  16  8  4  2  1     13   9 
14  7  22  11  34  17  52  26  13  40  20  10  5  16  8  4  2  1     14   17 
15  46  23  70  35  106  53  160  80  40  20  10  5  16  8  4  2  1     15   17 
16  8  4  2  1     16   4 
17  52  26  13  40  20  10  5  16  8  4  2  1     17   12 
18  9  28  14  7  22  11  34  17  52  26  13  40  20  10  5  16  8  4  2  1     18   20 
19  58  29  88  44  22  11  34  17  52  26  13  40  20  10  5  16  8  4  2  1     19   20 
20  10  5  16  8  4  2  1     20   7 
21  64  32  16  8  4  2  1     21   7 
22  11  34  17  52  26  13  40  20  10  5  16  8  4  2  1     22   15 
23  70  35  106  53  160  80  40  20  10  5  16  8  4  2  1     23   15 
24  12  6  3  10  5  16  8  4  2  1     24   10 
25  76  38  19  58  29  88  44  22  11  34  17  52  26  13  40  20  10  5  16  8  4  2  1     25   23 
26  13  40  20  10  5  16  8  4  2  1     26   10 
27  82  41  124  62  31  94  47  142  71  214  107  322  161  484  242  121  364  182  91  274  137  412  206  103  310  155  466  233  700  350  175  526  263  790  395  1186  593  1780  890  445  1336  668  334  167  502  251  754  377  1132  566  283  850  425  1276  638  319  958  479  1438  719  2158  1079  3238  1619  4858  2429  7288  3644  1822  911  2734  1367  4102  2051  6154  3077  9232  4616  2308  1154  577  1732  866  433  1300  650  325  976  488  244  122  61  184  92  46  23  70  35  106  53  160  80  40  20  10  5  16  8  4  2  1     27   111 
28  14  7  22  11  34  17  52  26  13  40  20  10  5  16  8  4  2  1     28   18 
29  88  44  22  11  34  17  52  26  13  40  20  10  5  16  8  4  2  1     29   18 
30  15  46  23  70  35  106  53  160  80  40  20  10  5  16  8  4  2  1     30   18 
31  94  47  142  71  214  107  322  161  484  242  121  364  182  91  274  137  412  206  103  310  155  466  233  700  350  175  526  263  790  395  1186  593  1780  890  445  1336  668  334  167  502  251  754  377  1132  566  283  850  425  1276  638  319  958  479  1438  719  2158  1079  3238  1619  4858  2429  7288  3644  1822  911  2734  1367  4102  2051  6154  3077  9232  4616  2308  1154  577  1732  866  433  1300  650  325  976  488  244  122  61  184  92  46  23  70  35  106  53  160  80  40  20  10  5  16  8  4  2  1     31   106 
32  16  8  4  2  1     32   5 
33  100  50  25  76  38  19  58  29  88  44  22  11  34  17  52  26  13  40  20  10  5  16  8  4  2  1     33   26 
34  17  52  26  13  40  20  10  5  16  8  4  2  1     34   13 
35  106  53  160  80  40  20  10  5  16  8  4  2  1     35   13 
36  18  9  28  14  7  22  11  34  17  52  26  13  40  20  10  5  16  8  4  2  1     36   21 
37  112  56  28  14  7  22  11  34  17  52  26  13  40  20  10  5  16  8  4  2  1     37   21 
38  19  58  29  88  44  22  11  34  17  52  26  13  40  20  10  5  16  8  4  2  1     38   21 
39  118  59  178  89  268  134  67  202  101  304  152  76  38  19  58  29  88  44  22  11  34  17  52  26  13  40  20  10  5  16  8  4  2  1     39   34 
40  20  10  5  16  8  4  2  1     40   8 
41  124  62  31  94  47  142  71  214  107  322  161  484  242  121  364  182  91  274  137  412  206  103  310  155  466  233  700  350  175  526  263  790  395  1186  593  1780  890  445  1336  668  334  167  502  251  754  377  1132  566  283  850  425  1276  638  319  958  479  1438  719  2158  1079  3238  1619  4858  2429  7288  3644  1822  911  2734  1367  4102  2051  6154  3077  9232  4616  2308  1154  577  1732  866  433  1300  650  325  976  488  244  122  61  184  92  46  23  70  35  106  53  160  80  40  20  10  5  16  8  4  2  1     41   109 
42  21  64  32  16  8  4  2  1     42   8 
43  130  65  196  98  49  148  74  37  112  56  28  14  7  22  11  34  17  52  26  13  40  20  10  5  16  8  4  2  1     43   29 
44  22  11  34  17  52  26  13  40  20  10  5  16  8  4  2  1     44   16 
45  136  68  34  17  52  26  13  40  20  10  5  16  8  4  2  1     45   16 
46  23  70  35  106  53  160  80  40  20  10  5  16  8  4  2  1     46   16 
47  142  71  214  107  322  161  484  242  121  364  182  91  274  137  412  206  103  310  155  466  233  700  350  175  526  263  790  395  1186  593  1780  890  445  1336  668  334  167  502  251  754  377  1132  566  283  850  425  1276  638  319  958  479  1438  719  2158  1079  3238  1619  4858  2429  7288  3644  1822  911  2734  1367  4102  2051  6154  3077  9232  4616  2308  1154  577  1732  866  433  1300  650  325  976  488  244  122  61  184  92  46  23  70  35  106  53  160  80  40  20  10  5  16  8  4  2  1     47   104 
48  24  12  6  3  10  5  16  8  4  2  1     48   11 
49  148  74  37  112  56  28  14  7  22  11  34  17  52  26  13  40  20  10  5  16  8  4  2  1     49   24 
50  25  76  38  19  58  29  88  44  22  11  34  17  52  26  13  40  20  10  5  16  8  4  2  1     50   24 
51  154  77  232  116  58  29  88  44  22  11  34  17  52  26  13  40  20  10  5  16  8  4  2  1     51   24 
52  26  13  40  20  10  5  16  8  4  2  1     52   11 
53  160  80  40  20  10  5  16  8  4  2  1     53   11 
54  27  82  41  124  62  31  94  47  142  71  214  107  322  161  484  242  121  364  182  91  274  137  412  206  103  310  155  466  233  700  350  175  526  263  790  395  1186  593  1780  890  445  1336  668  334  167  502  251  754  377  1132  566  283  850  425  1276  638  319  958  479  1438  719  2158  1079  3238  1619  4858  2429  7288  3644  1822  911  2734  1367  4102  2051  6154  3077  9232  4616  2308  1154  577  1732  866  433  1300  650  325  976  488  244  122  61  184  92  46  23  70  35  106  53  160  80  40  20  10  5  16  8  4  2  1     54   112 
55  166  83  250  125  376  188  94  47  142  71  214  107  322  161  484  242  121  364  182  91  274  137  412  206  103  310  155  466  233  700  350  175  526  263  790  395  1186  593  1780  890  445  1336  668  334  167  502  251  754  377  1132  566  283  850  425  1276  638  319  958  479  1438  719  2158  1079  3238  1619  4858  2429  7288  3644  1822  911  2734  1367  4102  2051  6154  3077  9232  4616  2308  1154  577  1732  866  433  1300  650  325  976  488  244  122  61  184  92  46  23  70  35  106  53  160  80  40  20  10  5  16  8  4  2  1     55   112 
56  28  14  7  22  11  34  17  52  26  13  40  20  10  5  16  8  4  2  1     56   19 
57  172  86  43  130  65  196  98  49  148  74  37  112  56  28  14  7  22  11  34  17  52  26  13  40  20  10  5  16  8  4  2  1     57   32 
58  29  88  44  22  11  34  17  52  26  13  40  20  10  5  16  8  4  2  1     58   19 
59  178  89  268  134  67  202  101  304  152  76  38  19  58  29  88  44  22  11  34  17  52  26  13  40  20  10  5  16  8  4  2  1     59   32 
60  30  15  46  23  70  35  106  53  160  80  40  20  10  5  16  8  4  2  1     60   19 
61  184  92  46  23  70  35  106  53  160  80  40  20  10  5  16  8  4  2  1     61   19 
62  31  94  47  142  71  214  107  322  161  484  242  121  364  182  91  274  137  412  206  103  310  155  466  233  700  350  175  526  263  790  395  1186  593  1780  890  445  1336  668  334  167  502  251  754  377  1132  566  283  850  425  1276  638  319  958  479  1438  719  2158  1079  3238  1619  4858  2429  7288  3644  1822  911  2734  1367  4102  2051  6154  3077  9232  4616  2308  1154  577  1732  866  433  1300  650  325  976  488  244  122  61  184  92  46  23  70  35  106  53  160  80  40  20  10  5  16  8  4  2  1     62   107 
63  190  95  286  143  430  215  646  323  970  485  1456  728  364  182  91  274  137  412  206  103  310  155  466  233  700  350  175  526  263  790  395  1186  593  1780  890  445  1336  668  334  167  502  251  754  377  1132  566  283  850  425  1276  638  319  958  479  1438  719  2158  1079  3238  1619  4858  2429  7288  3644  1822  911  2734  1367  4102  2051  6154  3077  9232  4616  2308  1154  577  1732  866  433  1300  650  325  976  488  244  122  61  184  92  46  23  70  35  106  53  160  80  40  20  10  5  16  8  4  2  1     63   107 
64  32  16  8  4  2  1     64   6 
65  196  98  49  148  74  37  112  56  28  14  7  22  11  34  17  52  26  13  40  20  10  5  16  8  4  2  1     65   27 
66  33  100  50  25  76  38  19  58  29  88  44  22  11  34  17  52  26  13  40  20  10  5  16  8  4  2  1     66   27 
67  202  101  304  152  76  38  19  58  29  88  44  22  11  34  17  52  26  13  40  20  10  5  16  8  4  2  1     67   27 
68  34  17  52  26  13  40  20  10  5  16  8  4  2  1     68   14 
69  208  104  52  26  13  40  20  10  5  16  8  4  2  1     69   14 
70  35  106  53  160  80  40  20  10  5  16  8  4  2  1     70   14 
71  214  107  322  161  484  242  121  364  182  91  274  137  412  206  103  310  155  466  233  700  350  175  526  263  790  395  1186  593  1780  890  445  1336  668  334  167  502  251  754  377  1132  566  283  850  425  1276  638  319  958  479  1438  719  2158  1079  3238  1619  4858  2429  7288  3644  1822  911  2734  1367  4102  2051  6154  3077  9232  4616  2308  1154  577  1732  866  433  1300  650  325  976  488  244  122  61  184  92  46  23  70  35  106  53  160  80  40  20  10  5  16  8  4  2  1     71   102 
72  36  18  9  28  14  7  22  11  34  17  52  26  13  40  20  10  5  16  8  4  2  1     72   22 
73  220  110  55  166  83  250  125  376  188  94  47  142  71  214  107  322  161  484  242  121  364  182  91  274  137  412  206  103  310  155  466  233  700  350  175  526  263  790  395  1186  593  1780  890  445  1336  668  334  167  502  251  754  377  1132  566  283  850  425  1276  638  319  958  479  1438  719  2158  1079  3238  1619  4858  2429  7288  3644  1822  911  2734  1367  4102  2051  6154  3077  9232  4616  2308  1154  577  1732  866  433  1300  650  325  976  488  244  122  61  184  92  46  23  70  35  106  53  160  80  40  20  10  5  16  8  4  2  1     73   115 
74  37  112  56  28  14  7  22  11  34  17  52  26  13  40  20  10  5  16  8  4  2  1     74   22 
75  226  113  340  170  85  256  128  64  32  16  8  4  2  1     75   14 
76  38  19  58  29  88  44  22  11  34  17  52  26  13  40  20  10  5  16  8  4  2  1     76   22 
77  232  116  58  29  88  44  22  11  34  17  52  26  13  40  20  10  5  16  8  4  2  1     77   22 
78  39  118  59  178  89  268  134  67  202  101  304  152  76  38  19  58  29  88  44  22  11  34  17  52  26  13  40  20  10  5  16  8  4  2  1     78   35 
79  238  119  358  179  538  269  808  404  202  101  304  152  76  38  19  58  29  88  44  22  11  34  17  52  26  13  40  20  10  5  16  8  4  2  1     79   35 
80  40  20  10  5  16  8  4  2  1     80   9 
81  244  122  61  184  92  46  23  70  35  106  53  160  80  40  20  10  5  16  8  4  2  1     81   22 
82  41  124  62  31  94  47  142  71  214  107  322  161  484  242  121  364  182  91  274  137  412  206  103  310  155  466  233  700  350  175  526  263  790  395  1186  593  1780  890  445  1336  668  334  167  502  251  754  377  1132  566  283  850  425  1276  638  319  958  479  1438  719  2158  1079  3238  1619  4858  2429  7288  3644  1822  911  2734  1367  4102  2051  6154  3077  9232  4616  2308  1154  577  1732  866  433  1300  650  325  976  488  244  122  61  184  92  46  23  70  35  106  53  160  80  40  20  10  5  16  8  4  2  1     82   110 
83  250  125  376  188  94  47  142  71  214  107  322  161  484  242  121  364  182  91  274  137  412  206  103  310  155  466  233  700  350  175  526  263  790  395  1186  593  1780  890  445  1336  668  334  167  502  251  754  377  1132  566  283  850  425  1276  638  319  958  479  1438  719  2158  1079  3238  1619  4858  2429  7288  3644  1822  911  2734  1367  4102  2051  6154  3077  9232  4616  2308  1154  577  1732  866  433  1300  650  325  976  488  244  122  61  184  92  46  23  70  35  106  53  160  80  40  20  10  5  16  8  4  2  1     83   110 
84  42  21  64  32  16  8  4  2  1     84   9 
85  256  128  64  32  16  8  4  2  1     85   9 
86  43  130  65  196  98  49  148  74  37  112  56  28  14  7  22  11  34  17  52  26  13  40  20  10  5  16  8  4  2  1     86   30 
87  262  131  394  197  592  296  148  74  37  112  56  28  14  7  22  11  34  17  52  26  13  40  20  10  5  16  8  4  2  1     87   30 
88  44  22  11  34  17  52  26  13  40  20  10  5  16  8  4  2  1     88   17 
89  268  134  67  202  101  304  152  76  38  19  58  29  88  44  22  11  34  17  52  26  13  40  20  10  5  16  8  4  2  1     89   30 
90  45  136  68  34  17  52  26  13  40  20  10  5  16  8  4  2  1     90   17 
91  274  137  412  206  103  310  155  466  233  700  350  175  526  263  790  395  1186  593  1780  890  445  1336  668  334  167  502  251  754  377  1132  566  283  850  425  1276  638  319  958  479  1438  719  2158  1079  3238  1619  4858  2429  7288  3644  1822  911  2734  1367  4102  2051  6154  3077  9232  4616  2308  1154  577  1732  866  433  1300  650  325  976  488  244  122  61  184  92  46  23  70  35  106  53  160  80  40  20  10  5  16  8  4  2  1     91   92 
92  46  23  70  35  106  53  160  80  40  20  10  5  16  8  4  2  1     92   17 
93  280  140  70  35  106  53  160  80  40  20  10  5  16  8  4  2  1     93   17 
94  47  142  71  214  107  322  161  484  242  121  364  182  91  274  137  412  206  103  310  155  466  233  700  350  175  526  263  790  395  1186  593  1780  890  445  1336  668  334  167  502  251  754  377  1132  566  283  850  425  1276  638  319  958  479  1438  719  2158  1079  3238  1619  4858  2429  7288  3644  1822  911  2734  1367  4102  2051  6154  3077  9232  4616  2308  1154  577  1732  866  433  1300  650  325  976  488  244  122  61  184  92  46  23  70  35  106  53  160  80  40  20  10  5  16  8  4  2  1     94   105 
95  286  143  430  215  646  323  970  485  1456  728  364  182  91  274  137  412  206  103  310  155  466  233  700  350  175  526  263  790  395  1186  593  1780  890  445  1336  668  334  167  502  251  754  377  1132  566  283  850  425  1276  638  319  958  479  1438  719  2158  1079  3238  1619  4858  2429  7288  3644  1822  911  2734  1367  4102  2051  6154  3077  9232  4616  2308  1154  577  1732  866  433  1300  650  325  976  488  244  122  61  184  92  46  23  70  35  106  53  160  80  40  20  10  5  16  8  4  2  1     95   105 
96  48  24  12  6  3  10  5  16  8  4  2  1     96   12 
97  292  146  73  220  110  55  166  83  250  125  376  188  94  47  142  71  214  107  322  161  484  242  121  364  182  91  274  137  412  206  103  310  155  466  233  700  350  175  526  263  790  395  1186  593  1780  890  445  1336  668  334  167  502  251  754  377  1132  566  283  850  425  1276  638  319  958  479  1438  719  2158  1079  3238  1619  4858  2429  7288  3644  1822  911  2734  1367  4102  2051  6154  3077  9232  4616  2308  1154  577  1732  866  433  1300  650  325  976  488  244  122  61  184  92  46  23  70  35  106  53  160  80  40  20  10  5  16  8  4  2  1     97   118 
98  49  148  74  37  112  56  28  14  7  22  11  34  17  52  26  13  40  20  10  5  16  8  4  2  1     98   25 
99  298  149  448  224  112  56  28  14  7  22  11  34  17  52  26  13  40  20  10  5  16  8  4  2  1     99   25 
